Alice
Ben
Ian
Frank
Claire
Emma
Helen
Mark
Gerald
Nancy
Noah
Connor
David
Stacy
Jennifer
Megan
Chris
Patrick
John
Jenny
0 0 63 0 0 86 0 58 0 0 0 0 0 0 0 0 0 0 0 0 
0 0 0 0 0 0 0 0 87 0 30 0 0 0 0 0 0 0 0 0 
63 0 0 0 0 0 0 0 0 67 0 0 0 0 0 15 5 0 21 0 
0 0 0 0 0 0 0 0 0 0 0 0 57 86 0 0 10 0 0 0 
0 0 0 0 0 0 78 0 0 0 0 0 0 0 0 0 26 0 85 0 
86 0 0 0 0 0 0 0 36 0 26 0 63 0 0 0 0 0 0 0 
0 0 0 0 78 0 0 0 0 58 0 0 0 0 0 23 0 0 56 0 
58 0 0 0 0 0 0 0 0 0 0 0 43 0 0 0 0 0 0 0 
0 87 0 0 0 36 0 0 0 94 0 0 0 0 0 0 0 0 0 0 
0 0 67 0 0 0 58 0 94 0 0 19 0 0 0 0 0 0 0 0 
0 30 0 0 0 26 0 0 0 0 0 0 0 0 0 67 0 0 0 0 
0 0 0 0 0 0 0 0 0 19 0 0 0 9 0 0 0 0 0 0 
0 0 0 57 0 63 0 43 0 0 0 0 0 0 0 0 59 0 0 0 
0 0 0 86 0 0 0 0 0 0 0 9 0 0 0 0 0 98 0 0 
0 0 0 0 0 0 0 0 0 0 0 0 0 0 0 28 94 0 30 68 
0 0 15 0 0 0 23 0 0 0 67 0 0 0 28 0 0 0 0 56 
0 0 5 10 26 0 0 0 0 0 0 0 59 0 94 0 0 0 0 0 
0 0 0 0 0 0 0 0 0 0 0 0 0 98 0 0 0 0 0 0 
0 0 21 0 85 0 56 0 0 0 0 0 0 0 30 0 0 0 0 0 
0 0 0 0 0 0 0 0 0 0 0 0 0 0 68 56 0 0 0 0 
